1.0101e+13
1.0101e+13
1.0101e+13
1.0101e+13
1.0101e+13
1.0101e+13
1.0101e+13
1.0101e+13
1.0101e+13
1.0101e+13
1.0101e+13
1.0101e+13
1.0101e+13
1.0101e+13
1.0101e+13
1.0101e+13
1.0101e+13
1.0101e+13
1.0102e+13
1.0102e+13
1.0102e+13
1.0102e+13
1.0103e+13
1.0103e+13
1.0103e+13
1.0104e+13
1.0104e+13
1.0105e+13
1.0106e+13
1.0108e+13
1.0109e+13
1.011e+13
1.0111e+13
1.0112e+13
1.0112e+13
1.0114e+13
1.0115e+13
1.0115e+13
1.0116e+13
1.0129e+13
1.0129e+13
1.0201e+13
1.0201e+13
1.0202e+13
1.0203e+13
1.0204e+13
1.0204e+13
1.0204e+13
1.0204e+13
1.0204e+13
1.0204e+13
1.0212e+13
1.04e+13
1.0401e+13
1.0401e+13
1.0401e+13
1.0401e+13
1.0401e+13
1.0401e+13
1.0401e+13
1.0401e+13
1.0401e+13
1.0402e+13
1.0402e+13
1.0402e+13
1.0403e+13
1.0403e+13
1.0403e+13
1.0404e+13
1.0404e+13
1.0404e+13
1.0404e+13
1.0405e+13
1.0405e+13
1.0406e+13
1.0406e+13
1.0408e+13
1.0408e+13
1.0408e+13
1.0408e+13
1.0409e+13
1.0412e+13
1.0412e+13
1.0412e+13
1.0414e+13
1.0415e+13
1.0415e+13
1.0415e+13
1.0415e+13
1.0415e+13
1.0415e+13
1.0416e+13
1.0416e+13
1.0418e+13
1.0424e+13
1.0424e+13
1.0501e+13
1.0502e+13
1.0503e+13
1.0504e+13
1.0512e+13
1.06e+13
1.0601e+13
1.0602e+13
1.0603e+13
1.0604e+13
1.0605e+13
1.061e+13
1.0612e+13
1.0614e+13
1.0615e+13
1.0701e+13
1.0702e+13
1.0703e+13
1.0704e+13
1.0712e+13
1.0715e+13
1.0801e+13
1.0802e+13
1.0803e+13
1.0804e+13
1.0805e+13
1.081e+13
1.0811e+13
1.0812e+13
1.0815e+13
1.1001e+13
1.1001e+13
1.1002e+13
1.1003e+13
1.1004e+13
1.1022e+13
1.1101e+13
1.1101e+13
1.1102e+13
1.1103e+13
1.1104e+13
1.1106e+13
1.1108e+13
1.1112e+13
1.1201e+13
1.1201e+13
1.1201e+13
1.1201e+13
1.1202e+13
1.1202e+13
1.1203e+13
1.1204e+13
1.1212e+13
1.1301e+13
1.1301e+13
1.1302e+13
1.1303e+13
1.1304e+13
1.1306e+13
1.131e+13
1.1312e+13
1.1314e+13
1.1401e+13
1.1402e+13
1.1403e+13
1.1404e+13
1.1404e+13
1.1405e+13
1.141e+13
1.1411e+13
1.1412e+13
1.1415e+13
1.1601e+13
1.1601e+13
1.1602e+13
1.1603e+13
1.1604e+13
1.1606e+13
1.1608e+13
1.1608e+13
1.161e+13
1.1612e+13
1.1614e+13
1.1615e+13
1.1615e+13
1.1801e+13
1.1801e+13
1.1801e+13
1.1802e+13
1.1802e+13
1.1803e+13
1.1803e+13
1.1804e+13
1.1804e+13
1.1804e+13
1.1804e+13
1.1804e+13
1.1805e+13
1.1806e+13
1.1808e+13
1.181e+13
1.181e+13
1.1811e+13
1.1811e+13
1.1812e+13
1.1814e+13
1.1814e+13
1.1815e+13
1.1815e+13
1.1815e+13
1.1816e+13
1.1901e+13
1.1902e+13
1.1903e+13
1.2001e+13
1.2001e+13
1.2002e+13
1.2003e+13
1.2004e+13
1.2012e+13
1.2101e+13
1.2101e+13
1.2102e+13
1.2103e+13
1.2104e+13
1.2104e+13
1.2104e+13
1.2105e+13
1.2108e+13
1.211e+13
1.2111e+13
1.2112e+13
1.2115e+13
1.2116e+13
1.2117e+13
1.2201e+13
1.2201e+13
1.2201e+13
1.2201e+13
1.2201e+13
1.2201e+13
1.2201e+13
1.2201e+13
1.2201e+13
1.2202e+13
1.2202e+13
1.2202e+13
1.2202e+13
1.2203e+13
1.2203e+13
1.2203e+13
1.2203e+13
1.2204e+13
1.2204e+13
1.2204e+13
1.2204e+13
1.2204e+13
1.2205e+13
1.2206e+13
1.2206e+13
1.2208e+13
1.2209e+13
1.221e+13
1.221e+13
1.221e+13
1.2211e+13
1.2211e+13
1.2212e+13
1.2212e+13
1.2212e+13
1.2214e+13
1.2215e+13
1.2215e+13
1.2215e+13
1.2215e+13
1.223e+13
1.2232e+13
